94.265160
92.650879
119.612160
110.882622
156.458984
132.682846
106.260460
83.968895
43.485588
272.107391
133.868484
197.773346
144.929138
115.668617
96.932701
184.989349
181.663940
115.668716
242.688416
128.901398
117.424599
113.812820
44.062256
90.353622
101.068962
202.976349
192.024948
177.010437
161.330826
144.975906
186.513580
158.780914
83.264397
143.098862
63.512573
51.343346
116.804550
34.561115
47.635292
77.186432
218.138367
293.064117
315.005157
355.989044
355.564301
250.044067
78.842911
115.335304
108.974640
130.568665
225.469803
189.924225
163.353226
114.299118
178.906693
147.707779
134.699966
112.417191
178.644287
167.592041
79.398567
145.192703
72.611443
221.118484
156.185242
168.053452
71.973671
76.319359
86.624557
130.917908
130.571869
165.363235
349.608246
285.618073
110.973221
162.733826
225.042358
255.600449
124.479477
214.540329
81.513931
79.512764
150.726852
267.956787
403.978058
855.254089
1047.902710
426.101990
126.266235
57.285686
210.727509
216.852478
415.260864
369.752472
1386.474121
952.943054
519.028442
304.103729
138.555847
260.563538
161.673309
412.310303
596.074524
679.800903
453.112335
286.558655
516.801025
384.761597
390.771088
244.596313
355.361298
262.621307
297.872314
339.471985
274.114624
260.070038
358.931152
162.497391
68.648499
193.488525
177.299988
399.438904
620.886780
626.153564
440.656006
127.416077
91.283485
222.451385
533.023499
445.225250
333.704132
200.700623
54.423508
59.330444
38.071918
230.822403
190.957916
135.814865
75.361801
103.262665
122.380241
117.466843
95.838440
114.824333
160.089844
254.677109
119.399315
141.864166
281.150513
792.682922
875.805481
282.129730
150.011932
304.333282
130.034409
237.958069
573.907166
615.114807
187.187195
103.105766
387.194031
429.226044
112.188721
202.299377
211.719635
382.266998
409.058868
176.951477
110.541122
160.910309
34.807938
143.047012
131.580170
83.964417
318.261139
597.654785
564.843079
360.282257
177.525879
130.707794
80.071144
157.634399
252.058899
459.663605
486.808838
382.879333
104.702629
105.171211
65.184166
81.460121
119.094620
282.262909
585.081665
396.994446
184.183441
289.677948
139.950928
56.434582
62.570763
51.790573
73.595398
113.151215
198.064056
510.201324
484.352203
200.785034
70.236732
97.585854
67.673943
142.603592
233.245544
290.121246
206.142761
119.657181
110.628975
88.666496
135.396576
122.161453
53.015144
133.586853
245.912491
200.170059
196.088379
182.158615
61.057598
132.591415
117.497505
104.393440
188.152969
249.119171
269.702698
199.932999
109.662651
37.970211
90.716843
169.663666
128.277695
285.321472
382.886749
236.750580
124.693047
59.304604
30.917234
177.837540
50.972481
88.735748
110.656197
236.870453
284.493988
280.197235
225.816254
145.949448
93.525749
116.977844
142.678268
179.209549
273.163513
233.220718
142.965393
146.777985
110.552200
190.834061
133.873672
202.714508
186.127609
220.095306
191.051849
176.117203
71.368340
72.230537
131.240143
76.509811
112.471619
126.277580
214.625259
235.753784
154.552399
122.385757
62.981236
164.728989
182.762909
200.366776
168.510010
169.684357
143.905289
102.468811
134.485382
48.350075
162.495224
159.668610
254.181763
252.163361
283.532440
197.480103
125.665871
62.183083
38.378742
76.847145
101.407898
181.074234
510.711670
548.990723
257.783600
146.017883
98.878159
100.484879
107.536308
228.898819
358.611206
401.926422
472.906586
422.974701
137.687256
115.707382
91.456718
72.922096
175.474319
303.541229
272.481079
257.300110
261.318512
206.603043
105.222679
69.053467
97.402359
102.406418
225.210434
249.559204
417.929718
476.224213
279.397461
127.178841
51.513466
179.583511
141.218735
145.913055
181.367447
266.085907
168.262848
131.179688
126.078049
73.401115
164.985428
109.467331
166.130569
134.283051
259.877563
460.522675
231.472214
123.091637
91.960808
140.674255
141.091736
144.542831
358.977570
204.849640
290.754791
185.376373
165.090012
73.051178
